M5t
#1 25414484102379.000000 25414484280327.000000 77948.000000
#2 25414484387769.000000 25414484542812.000000 81043.000000
#3 25414484622264.000000 25414484708727.000000 86463.000000
#4 25414484787873.000000 25414484879988.000000 92115.000000
#5 25414484959314.000000 25414485055587.000000 96273.000000
#6 25414485133662.000000 25414485234966.000000 101304.000000
#7 25414485315273.000000 25414485422652.000000 107379.000000
#8 25414485499953.000000 25414485610428.000000 110475.000000
#9 25414485689277.000000 25414485806376.000000 117099.000000
#10 25414485884838.000000 25414486024194.000000 139356.000000
#11 25414486105716.000000 25414486238601.000000 132885.000000
#12 25414486316910.000000 25414486463439.000000 146529.000000
#13 25414486542234.000000 25414486694811.000000 152577.000000
#14 25414486773759.000000 25414486934247.000000 160488.000000
#15 25414487051256.000000 25414487251245.000000 199989.000000
#16 25414487372808.000000 25414487567046.000000 194238.000000
#17 25414487678196.000000 25414487882865.000000 204669.000000
#18 25414487995050.000000 25414488220158.000000 225108.000000
#19 25414488328608.000000 25414488567072.000000 238464.000000
#20 25414488675711.000000 25414488921492.000000 245781.000000

#1 0.000026
#5 0.000032
#10 0.000046
#15 0.000069
#20 0.000082

serial impl
#1 27072403382376.000000 27072403430184.000000 47808.000000
#2 27072403562502.000000 27072403609869.000000 47367.000000
#3 27072403688349.000000 27072403747533.000000 59184.000000
#4 27072403823934.000000 27072403896411.000000 72477.000000
#5 27072403974153.000000 27072404059950.000000 85797.000000
#6 27072404136747.000000 27072404235675.000000 98928.000000
#7 27072404312112.000000 27072404424189.000000 112077.000000
#8 27072404501076.000000 27072404625510.000000 124434.000000
#9 27072404702307.000000 27072404840853.000000 138546.000000
#10 27072404917515.000000 27072405069561.000000 152046.000000
#11 27072405146646.000000 27072405310077.000000 163431.000000
#12 27072405384957.000000 27072405565083.000000 180126.000000
#13 27072405660078.000000 27072405854784.000000 194706.000000
#14 27072405935469.000000 27072406140777.000000 205308.000000
#15 27072406260207.000000 27072406478367.000000 218160.000000
#16 27072406591830.000000 27072406823301.000000 231471.000000
#17 27072406934532.000000 27072407181717.000000 247185.000000
#18 27072407290527.000000 27072407556315.000000 265788.000000
#19 27072407664522.000000 27072407935305.000000 270783.000000
#20 27072408043440.000000 27072408348765.000000 305325.000000

#1 1368016089.098643 1368016089.098665 0.000016
#2 1368016089.099260 1368016089.099278 0.000018
#3 1368016089.099420 1368016089.099440 0.000020
#4 1368016089.099567 1368016089.099591 0.000024
#5 1368016089.099717 1368016089.099745 0.000028
#6 1368016089.099927 1368016089.099959 0.000032
#7 1368016089.100086 1368016089.100122 0.000036
#8 1368016089.100245 1368016089.100286 0.000041
#9 1368016089.100419 1368016089.100464 0.000045
#10 1368016089.100588 1368016089.100636 0.000048
#11 1368016089.100760 1368016089.100811 0.000051
#12 1368016089.100984 1368016089.101040 0.000056
#13 1368016089.101165 1368016089.101224 0.000059
#14 1368016089.101347 1368016089.101409 0.000062
#15 1368016089.101532 1368016089.101598 0.000066
#16 1368016089.101720 1368016089.101791 0.000071
#17 1368016089.101985 1368016089.102060 0.000075
#18 1368016089.102185 1368016089.102266 0.000081
#19 1368016089.102388 1368016089.102470 0.000082
#20 1368016089.102593 1368016089.102679 0.000086

pt impl
#1 1368025585.341764 1368025585.341813 0.000045
#2 1368025585.341823 1368025585.341867 0.000044
#3 1368025585.341877 1368025585.341921 0.000044
#4 1368025585.341930 1368025585.341975 0.000045
#5 1368025585.341984 1368025585.342028 0.000044
#6 1368025585.342038 1368025585.342082 0.000044
#7 1368025585.342092 1368025585.342136 0.000044
#8 1368025585.342145 1368025585.342189 0.000044
#9 1368025585.342199 1368025585.342243 0.000044
#10 1368025585.342252 1368025585.342301 0.000044
#11 1368025585.342310 1368025585.342355 0.000045
#12 1368025585.342364 1368025585.342408 0.000044
#13 1368025585.342418 1368025585.342462 0.000044
#14 1368025585.342471 1368025585.342542 0.000045
#15 1368025585.342560 1368025585.342616 0.000044
#16 1368025585.342625 1368025585.342670 0.000045
#17 1368025585.342679 1368025585.342724 0.000045
#18 1368025585.342733 1368025585.342777 0.000044
#19 1368025585.342786 1368025585.342831 0.000045
#20 1368025585.342840 1368025585.342884 0.000044

mp impl
#1 1368033941.787807 1368033941.788052 0.000055
#2 1368033941.788075 1368033941.788130 0.000055
#3 1368033941.788148 1368033941.788203 0.000055
#4 1368033941.788215 1368033941.788267 0.000054
#5 1368033941.788278 1368033941.788330 0.000054
#6 1368033941.788340 1368033941.788391 0.000055
#7 1368033941.788401 1368033941.788452 0.000055
#8 1368033941.788462 1368033941.788513 0.000055
#9 1368033941.788523 1368033941.788575 0.000056
#10 1368033941.788585 1368033941.788649 0.000054
#11 1368033941.788659 1368033941.788714 0.000055
#12 1368033941.788724 1368033941.788776 0.000054
#13 1368033941.788786 1368033941.788931 0.00055
#14 1368033941.788947 1368033941.789016 0.000055
#15 1368033941.789028 1368033941.789088 0.000055
#16 1368033941.789099 1368033941.789153 0.000054
#17 1368033941.789164 1368033941.789225 0.000059
#18 1368033941.789235 1368033941.789294 0.000059
#19 1368033941.789304 1368033941.789357 0.000061
#20 1368033941.789367 1368033941.789419 0.000062

