12.68310546875
1.1162109375
1.279541015625
1.34326171875
1.531494140625
1.57958984375
1.69189453125
1.89794921875
1.926513671875
2.055419921875
2.095947265625
2.577392578125
2.582763671875
2.757080078125
2.9404296875
3.003662109375
3.060302734375
3.3466796875
3.376953125
3.437744140625
3.449462890625
3.495361328125
3.6982421875
3.764892578125
3.829345703125
3.921875
3.978515625
4.0498046875
4.195556640625
4.4326171875
4.43310546875
4.510009765625
4.70947265625
4.782958984375
4.899169921875
4.987548828125
4.992919921875
5.16943359375
5.596923828125
5.824951171875
5.897216796875
5.92138671875
6.044921875
6.091552734375
6.2099609375
6.259521484375
6.31005859375
6.310546875
6.35791015625
6.377685546875
6.580078125
6.7548828125
6.978271484375
6.993896484375
7.150634765625
7.27001953125
7.281982421875
7.461669921875
7.530029296875
7.807861328125
7.884521484375
7.88818359375
7.9306640625
8.051025390625
8.096435546875
8.156494140625
8.244384765625
8.390869140625
8.425048828125
8.52294921875
8.576904296875
8.679931640625
8.70263671875
8.7197265625
8.772705078125
8.838134765625
8.871337890625
8.990234375
9.155029296875
9.281005859375
9.396484375
9.4013671875
9.474365234375
9.529541015625
9.53271484375
9.561279296875
9.562255859375
9.580322265625
9.60205078125
9.6240234375
9.65185546875
9.656982421875
9.67236328125
9.67919921875
9.71484375
9.731689453125
9.733154296875
9.779052734375
9.784912109375
9.8583984375
9.8916015625
9.900390625
9.913330078125
9.918212890625
9.943603515625
9.994140625
10.00244140625
10.01171875
10.020263671875
10.04443359375
10.048828125
10.097900390625
10.09814453125
10.100830078125
10.10107421875
10.105224609375
10.111328125
10.12646484375
10.142822265625
10.168212890625
10.170166015625
10.189697265625
10.24169921875
10.244384765625
10.28076171875
10.307861328125
10.3115234375
10.31591796875
10.319091796875
10.3203125
10.322265625
10.32958984375
10.331298828125
10.340087890625
10.356689453125
10.365966796875
10.384765625
10.3876953125
10.401611328125
10.408447265625
10.44677734375
10.45361328125
10.455078125
10.458251953125
10.473876953125
10.493896484375
10.513671875
10.51708984375
10.53564453125
10.5400390625
10.579345703125
10.584228515625
10.593017578125
10.605224609375
10.609619140625
10.622802734375
10.6328125
10.6376953125
10.639404296875
10.649658203125
10.675537109375
10.677978515625
10.679443359375
10.686767578125
10.691650390625
10.695068359375
10.7080078125
10.716064453125
10.721923828125
10.732177734375
10.747314453125
10.758544921875
10.77880859375
10.780517578125
10.788330078125
10.796142578125
10.80224609375
10.82373046875
10.831787109375
10.8330078125
10.8349609375
10.837890625
10.857177734375
10.8798828125
10.886474609375
10.89208984375
10.904052734375
10.9111328125
10.920654296875
10.926513671875
10.928955078125
10.932373046875
10.937255859375
10.94677734375
10.983642578125
10.986083984375
10.98681640625
10.9921875
10.99658203125
10.99951171875
11.000732421875
11.013427734375
11.015869140625
11.02001953125
11.023193359375
11.03076171875
11.05078125
11.057861328125
11.074462890625
11.0751953125
11.07666015625
11.091796875
11.09619140625
11.0966796875
11.10888671875
11.11376953125
11.122314453125
11.127197265625
11.12890625
11.134765625
11.14306640625
11.146484375
11.15185546875
11.1904296875
11.194580078125
11.19775390625
11.214111328125
11.215087890625
11.22900390625
11.22998046875
11.241455078125
11.2451171875
11.246337890625
11.265625
11.26708984375
11.287841796875
11.291259765625
11.298095703125
11.31494140625
11.358154296875
11.35986328125
11.375
11.37646484375
11.37744140625
11.381591796875
11.382080078125
11.38232421875
11.386962890625
11.392333984375
11.392822265625
11.392822265625
11.394775390625
11.39892578125
11.416015625
11.418212890625
11.41943359375
11.427001953125
11.438232421875
11.452880859375
11.46142578125
11.481201171875
11.487548828125
11.4912109375
11.4951171875
11.495361328125
11.4990234375
11.514892578125
11.521240234375
11.524658203125
11.53076171875
11.53369140625
11.55322265625
11.55712890625
11.564697265625
11.568359375
11.569091796875
11.572998046875
11.576171875
11.581298828125
11.59033203125
11.595703125
11.600341796875
11.6083984375
11.609619140625
11.613037109375
11.61328125
11.627685546875
11.629150390625
11.64111328125
11.643310546875
11.644287109375
11.64501953125
11.65478515625
11.655517578125
11.662841796875
11.673828125
11.67578125
11.687255859375
11.693115234375
11.69384765625
11.69580078125
11.7041015625
11.704833984375
11.712890625
11.713623046875
11.71630859375
11.71728515625
11.73388671875
11.739013671875
11.739013671875
11.74365234375
11.75830078125
11.763671875
11.774658203125
11.781494140625
11.782958984375
11.785888671875
11.800537109375
11.803466796875
11.8046875
11.8056640625
11.808349609375
11.80859375
11.814208984375
11.820556640625
11.82861328125
11.84375
11.84375
11.84521484375
11.8466796875
11.847900390625
11.8623046875
11.864013671875
11.866455078125
11.87060546875
11.87060546875
11.872314453125
11.87841796875
11.884765625
11.88525390625
11.888671875
11.889892578125
11.8916015625
11.896484375
11.89990234375
11.908447265625
11.9091796875
11.91455078125
11.920654296875
11.925537109375
11.933349609375
11.95166015625
11.955810546875
11.968505859375
11.968994140625
11.974365234375
11.98193359375
11.982177734375
11.982177734375
11.986572265625
11.989990234375
11.9912109375
11.9990234375
12.0009765625
12.006103515625
12.0078125
12.00830078125
12.011962890625
12.01611328125
12.022216796875
12.02587890625
12.026123046875
12.02734375
12.035888671875
12.042724609375
12.0458984375
12.048828125
12.058349609375
12.05908203125
12.0595703125
12.06298828125
12.06494140625
12.065185546875
12.065185546875
12.068603515625
12.069091796875
12.070068359375
12.072509765625
12.074951171875
12.0771484375
12.093505859375
12.098876953125
12.099853515625
12.103515625
12.10498046875
12.115234375
12.13720703125
12.13720703125
12.1484375
12.15087890625
12.1513671875
12.153076171875
12.16650390625
12.170166015625
12.174072265625
12.175048828125
12.175537109375
12.17919921875
12.185302734375
12.189453125
12.190185546875
12.20166015625
12.222900390625
12.2255859375
12.2275390625
12.2353515625
12.2353515625
12.2421875
12.244140625
12.24853515625
12.255615234375
12.25732421875
12.2587890625
12.26220703125
12.265625
12.26953125
12.27099609375
12.283203125
12.283935546875
12.288330078125
12.2900390625
12.29736328125
12.303466796875
12.303955078125
12.3056640625
12.306396484375
12.30712890625
12.307373046875
12.316162109375
12.324951171875
12.329345703125
12.3330078125
12.338623046875
12.341064453125
12.34765625
12.359130859375
12.359375
12.373046875
12.38134765625
12.382568359375
12.385009765625
12.387451171875
12.39208984375
12.399169921875
12.404541015625
12.408447265625
12.417724609375
12.432373046875
12.435791015625
12.437744140625
12.439453125
12.44189453125
12.443603515625
12.45361328125
12.45947265625
12.466796875
12.46826171875
12.489990234375
12.49169921875
12.49462890625
12.50341796875
12.52294921875
12.5322265625
12.536865234375
12.540283203125
12.54150390625
12.54541015625
12.55322265625
12.57666015625
12.591064453125
12.59375
12.60546875
12.60595703125
12.614013671875
12.617431640625
12.618408203125
12.62939453125
12.629638671875
12.63525390625
12.63525390625
12.636474609375
12.6396484375
12.640869140625
12.64404296875
12.65576171875
12.65625
12.657958984375
12.662841796875
12.666748046875
12.673095703125
12.673583984375
12.68310546875
12.69580078125
12.70068359375
12.70068359375
12.702880859375
12.703369140625
12.728271484375
12.737060546875
12.741455078125
12.744384765625
12.746826171875
12.751220703125
12.753662109375
12.7548828125
12.75830078125
12.763916015625
12.78369140625
12.78466796875
12.789306640625
12.79150390625
12.7978515625
12.798583984375
12.800048828125
12.80859375
12.809326171875
12.81396484375
12.81494140625
12.819580078125
12.82470703125
12.833251953125
12.83349609375
12.837890625
12.83935546875
12.84521484375
12.84765625
12.855712890625
12.85888671875
12.86474609375
12.871826171875
12.874267578125
12.880126953125
12.88037109375
12.88525390625
12.88525390625
12.897216796875
12.9052734375
12.912841796875
12.9140625
12.91552734375
12.933349609375
12.945556640625
12.9482421875
12.9501953125
12.954833984375
12.959228515625
12.962158203125
12.96240234375
12.964111328125
12.970458984375
12.972900390625
12.9736328125
12.97509765625
12.976806640625
12.9794921875
12.98193359375
12.986328125
12.989501953125
12.9921875
12.99267578125
12.99365234375
12.99365234375
13.00048828125
13.00830078125
13.0087890625
13.012451171875
13.021484375
13.0234375
13.023681640625
13.02783203125
13.028076171875
13.032470703125
13.03271484375
13.045654296875
13.065673828125
13.079345703125
13.08349609375
13.09130859375
13.09228515625
13.094970703125
13.0966796875
13.099609375
13.1015625
13.10693359375
13.111328125
13.118408203125
13.119873046875
13.1240234375
13.125
13.1337890625
13.13818359375
13.147216796875
13.1484375
13.15283203125
13.155517578125
13.15673828125
13.1572265625
13.16455078125
13.172607421875
13.173095703125
13.1806640625
13.18505859375
13.189208984375
13.201416015625
13.208984375
13.2119140625
13.221923828125
13.228759765625
13.2333984375
13.2333984375
13.234619140625
13.237548828125
13.238525390625
13.2568359375
13.259033203125
13.26416015625
13.274169921875
13.27685546875
13.296142578125
13.29736328125
13.30615234375
13.3193359375
13.319580078125
13.325439453125
13.326416015625
13.328125
13.328857421875
13.348388671875
13.352294921875
13.36474609375
13.373046875
13.37548828125
13.376708984375
13.3837890625
13.395263671875
13.395751953125
13.39697265625
13.40087890625
13.405517578125
13.4072265625
13.41162109375
13.421875
13.425537109375
13.4326171875
13.43994140625
13.441650390625
13.445068359375
13.453857421875
13.458984375
13.469482421875
13.471923828125
13.49560546875
13.4970703125
13.499755859375
13.500732421875
13.51171875
13.531005859375
13.533447265625
13.537109375
13.538330078125
13.539794921875
13.542236328125
13.546875
13.547607421875
13.55126953125
13.562255859375
13.5654296875
13.56640625
13.57861328125
13.58154296875
13.587158203125
13.587646484375
13.594482421875
13.595458984375
13.595703125
13.605712890625
13.612548828125
13.619384765625
13.628173828125
13.63134765625
13.638916015625
13.640869140625
13.64453125
13.668701171875
13.671142578125
13.67822265625
13.68994140625
13.701904296875
13.706787109375
13.70703125
13.70751953125
13.707763671875
13.721923828125
13.734619140625
13.739990234375
13.751708984375
13.756591796875
13.763671875
13.775390625
13.78271484375
13.783447265625
13.79443359375
13.811279296875
13.821044921875
13.832763671875
13.85302734375
13.85400390625
13.85888671875
13.861328125
13.869873046875
13.872802734375
13.878662109375
13.884521484375
13.899658203125
13.90185546875
13.929443359375
13.947021484375
13.948974609375
13.952880859375
13.9580078125
13.962158203125
13.968505859375
13.97119140625
13.9736328125
13.976806640625
13.97900390625
13.98095703125
13.983642578125
13.989013671875
13.989501953125
13.997802734375
14.02197265625
14.02294921875
14.02392578125
14.033447265625
14.040283203125
14.043212890625
14.047119140625
14.076904296875
14.07958984375
14.0830078125
14.095947265625
14.10400390625
14.111572265625
14.11376953125
14.119384765625
14.11962890625
14.121826171875
14.12353515625
14.130859375
14.132080078125
14.133544921875
14.134033203125
14.1494140625
14.1630859375
14.168701171875
14.169921875
14.1728515625
14.182373046875
14.18359375
14.185791015625
14.1884765625
14.215576171875
14.22119140625
14.22412109375
14.238525390625
14.23876953125
14.243896484375
14.24755859375
14.2490234375
14.265380859375
14.267822265625
14.2744140625
14.289794921875
14.295166015625
14.299072265625
14.302978515625
14.3076171875
14.32763671875
14.330078125
14.33837890625
14.349609375
14.35107421875
14.352294921875
14.352783203125
14.38427734375
14.386962890625
14.38916015625
14.39306640625
14.39404296875
14.4033203125
14.4140625
14.419189453125
14.422607421875
14.468505859375
14.485595703125
14.49169921875
14.49560546875
14.505126953125
14.52685546875
14.53515625
14.550537109375
14.560791015625
14.567138671875
14.57177734375
14.5927734375
14.59619140625
14.61279296875
14.642822265625
14.65478515625
14.670654296875
14.697021484375
14.704345703125
14.709716796875
14.7294921875
14.73193359375
14.753173828125
14.755859375
14.756591796875
14.7763671875
14.791748046875
14.79443359375
14.79541015625
14.80810546875
14.821044921875
14.832275390625
14.847412109375
14.84912109375
14.8515625
14.8525390625
14.85595703125
14.85791015625
14.862060546875
14.87451171875
14.890625
14.904296875
14.9140625
14.931396484375
14.933349609375
14.936279296875
14.94189453125
14.946533203125
14.95068359375
14.962158203125
14.9765625
14.9833984375
14.98388671875
14.995849609375
14.99609375
14.998046875
15.037353515625
15.05224609375
15.060791015625
15.09716796875
15.1103515625
15.1279296875
15.128662109375
15.156982421875
15.156982421875
15.175048828125
15.176025390625
15.186279296875
15.19384765625
15.21484375
15.226318359375
15.230712890625
15.234130859375
15.276611328125
15.29541015625
15.302978515625
15.306884765625
15.31201171875
15.318603515625
15.325439453125
15.37060546875
15.375244140625
15.377685546875
15.406005859375
15.437255859375
15.445556640625
15.45703125
15.469482421875
15.486572265625
15.5
15.543701171875
15.5673828125
15.576904296875
15.57958984375
15.584716796875
15.59716796875
15.652587890625
15.677490234375
15.678466796875
15.684326171875
15.6982421875
15.70654296875
15.721923828125
15.73974609375
15.742919921875
15.766845703125
15.821533203125
15.876953125
15.89111328125
15.9912109375
16.005615234375
16.008056640625
16.05029296875
16.0546875
16.067138671875
16.06787109375
16.13623046875
16.154541015625
16.166259765625
16.211181640625
16.22509765625
16.239013671875
16.24365234375
16.287353515625
16.310791015625
16.317626953125
16.324951171875
16.3662109375
16.369384765625
16.38427734375
16.439453125
16.445068359375
16.447265625
16.479736328125
16.53515625
16.550537109375
16.57470703125
16.668701171875
16.675537109375
16.735595703125
16.8701171875
16.9140625
16.9189453125
17.158203125
17.169677734375
17.259765625
17.5263671875
17.527099609375
17.545654296875
17.681640625
17.70556640625
17.775634765625
17.834716796875
17.9453125
18.009765625
18.11572265625
18.121337890625
18.156005859375
18.398193359375
18.429931640625
18.453857421875
18.502197265625
18.6787109375
18.73779296875
19.002685546875
19.0556640625
19.142578125
19.483642578125
19.5068359375
19.584228515625
19.677490234375
19.688232421875
19.753173828125
19.773681640625
19.95947265625
20.42919921875
20.44189453125
20.453857421875
20.654541015625
20.674072265625
20.85546875
20.872802734375
21.073974609375
21.17041015625
21.25439453125
22.00439453125
22.187744140625
22.85595703125
23.193115234375
24.7626953125
28.87451171875
30.105224609375
31.630859375
32.02783203125
32.400146484375
33.963134765625
35.888427734375
41.508544921875
