12.488037109375
0.2744140625
1.2626953125
3.958251953125
4.70068359375
4.732421875
4.96337890625
5.11083984375
5.316162109375
5.323486328125
5.70556640625
6.001953125
6.395751953125
6.4033203125
6.591796875
6.734375
6.768798828125
6.844482421875
7.214599609375
7.501220703125
7.559326171875
7.603271484375
8.27734375
8.45947265625
8.468994140625
8.498291015625
8.554443359375
8.65966796875
8.9677734375
8.97802734375
9.193359375
9.2177734375
9.49853515625
9.593017578125
9.656982421875
9.7470703125
9.808837890625
10.035400390625
10.12353515625
10.31201171875
10.58251953125
10.653076171875
10.868896484375
10.97900390625
11.074951171875
11.281494140625
11.34375
11.344970703125
11.453369140625
12.156494140625
12.311767578125
12.488037109375
12.697265625
13.206298828125
13.521484375
13.56591796875
13.8447265625
14.179443359375
14.3720703125
14.55712890625
14.587646484375
14.812255859375
14.853759765625
14.877197265625
15.021728515625
15.536865234375
15.581298828125
15.833251953125
16.573486328125
16.60546875
16.759033203125
16.7763671875
17.2216796875
17.2490234375
17.33935546875
17.43994140625
17.530517578125
17.76123046875
18.159912109375
18.212158203125
18.29443359375
18.9951171875
19.63525390625
19.8994140625
20.209716796875
20.417724609375
21.478515625
21.625
21.972900390625
22.015869140625
22.0263671875
22.112060546875
22.447021484375
22.71337890625
22.888916015625
23.17626953125
24.12841796875
24.50537109375
25.067138671875
27.44287109375
29.690185546875
46.22119140625
