27.129638671875
4.431884765625
5.124755859375
5.8994140625
6.49267578125
7.960693359375
8.74609375
9.640380859375
10.90625
11.038818359375
12.944091796875
13.04345703125
13.8291015625
14.485595703125
15.20263671875
15.363037109375
15.542236328125
16.001708984375
16.637451171875
18.8916015625
19.192626953125
19.802001953125
20.853515625
20.95947265625
22.675537109375
22.771484375
22.876953125
22.962646484375
23.1005859375
23.105224609375
23.113525390625
23.217529296875
23.233154296875
23.252197265625
23.273681640625
23.305419921875
23.345458984375
23.40966796875
23.44580078125
23.498291015625
23.691162109375
23.69384765625
23.72900390625
23.734375
23.734375
23.824462890625
23.874755859375
23.882080078125
23.89453125
23.9423828125
23.949462890625
23.950439453125
23.976806640625
23.993408203125
24.034912109375
24.094970703125
24.11083984375
24.139892578125
24.176025390625
24.220947265625
24.224609375
24.228759765625
24.26708984375
24.293212890625
24.334716796875
24.337890625
24.3427734375
24.352783203125
24.35302734375
24.367431640625
24.376953125
24.422607421875
24.424560546875
24.449951171875
24.476318359375
24.517822265625
24.537353515625
24.565185546875
24.592041015625
24.63232421875
24.6435546875
24.650634765625
24.653564453125
24.654541015625
24.654541015625
24.68994140625
24.69970703125
24.735107421875
24.73583984375
24.73779296875
24.7412109375
24.753173828125
24.759033203125
24.760009765625
24.762939453125
24.779052734375
24.7890625
24.821044921875
24.8232421875
24.823974609375
24.840087890625
24.864013671875
24.865478515625
24.86572265625
24.870849609375
24.87890625
24.883544921875
24.90380859375
24.90576171875
24.9228515625
24.940673828125
24.94677734375
24.96044921875
24.964599609375
24.98779296875
24.991455078125
24.9931640625
24.993408203125
24.994384765625
24.99658203125
24.998779296875
25.00146484375
25.00732421875
25.01513671875
25.032958984375
25.039306640625
25.064697265625
25.0908203125
25.09228515625
25.093017578125
25.100830078125
25.104736328125
25.108154296875
25.1103515625
25.13671875
25.1494140625
25.163330078125
25.173828125
25.19482421875
25.2197265625
25.228759765625
25.23828125
25.240234375
25.24560546875
25.2734375
25.28271484375
25.29345703125
25.319580078125
25.32666015625
25.328125
25.3310546875
25.338623046875
25.34130859375
25.341796875
25.342041015625
25.351806640625
25.35595703125
25.385986328125
25.399658203125
25.408935546875
25.412841796875
25.424072265625
25.426513671875
25.435546875
25.449462890625
25.4716796875
25.489501953125
25.4921875
25.502197265625
25.518798828125
25.527587890625
25.5576171875
25.5576171875
25.561767578125
25.56982421875
25.584228515625
25.590087890625
25.598876953125
25.599365234375
25.6005859375
25.603271484375
25.618896484375
25.619873046875
25.6357421875
25.640380859375
25.64453125
25.6474609375
25.647705078125
25.650634765625
25.661376953125
25.666748046875
25.69189453125
25.69970703125
25.703369140625
25.704345703125
25.715087890625
25.71533203125
25.722900390625
25.736328125
25.73974609375
25.73974609375
25.745361328125
25.750244140625
25.752685546875
25.755615234375
25.760498046875
25.76416015625
25.7646484375
25.765869140625
25.7666015625
25.767822265625
25.769775390625
25.7705078125
25.770751953125
25.772216796875
25.77587890625
25.784423828125
25.78466796875
25.7919921875
25.794921875
25.804931640625
25.808837890625
25.810546875
25.810791015625
25.814208984375
25.82275390625
25.823486328125
25.830322265625
25.833740234375
25.845458984375
25.849365234375
25.861572265625
25.862060546875
25.865234375
25.8681640625
25.8681640625
25.869873046875
25.870361328125
25.878662109375
25.8798828125
25.880126953125
25.88134765625
25.88916015625
25.901611328125
25.902587890625
25.90576171875
25.9111328125
25.939697265625
25.942138671875
25.945068359375
25.977783203125
25.985107421875
25.98779296875
25.98779296875
25.98828125
25.98974609375
25.99072265625
25.99072265625
25.9912109375
25.992919921875
26.004638671875
26.008544921875
26.019775390625
26.02685546875
26.03076171875
26.0361328125
26.03857421875
26.044677734375
26.04541015625
26.05810546875
26.062744140625
26.063720703125
26.07763671875
26.080810546875
26.085205078125
26.087890625
26.088623046875
26.095947265625
26.101318359375
26.107666015625
26.110107421875
26.1103515625
26.113037109375
26.113037109375
26.119140625
26.121826171875
26.122802734375
26.12353515625
26.127197265625
26.128173828125
26.129638671875
26.13427734375
26.1416015625
26.1435546875
26.1484375
26.15283203125
26.1650390625
26.167724609375
26.175048828125
26.17578125
26.18115234375
26.182373046875
26.183837890625
26.18505859375
26.186279296875
26.2060546875
26.20654296875
26.20751953125
26.208251953125
26.208984375
26.211669921875
26.213134765625
26.2138671875
26.216552734375
26.22216796875
26.226318359375
26.228271484375
26.230224609375
26.23486328125
26.23486328125
26.23486328125
26.2421875
26.244873046875
26.250732421875
26.251220703125
26.25927734375
26.260986328125
26.28271484375
26.289306640625
26.29541015625
26.297119140625
26.302001953125
26.313232421875
26.320068359375
26.32080078125
26.322021484375
26.324462890625
26.3271484375
26.32958984375
26.331787109375
26.33203125
26.34716796875
26.348388671875
26.35986328125
26.365478515625
26.373046875
26.37548828125
26.385009765625
26.388916015625
26.393310546875
26.400390625
26.403564453125
26.41015625
26.41259765625
26.41845703125
26.421142578125
26.429931640625
26.44091796875
26.463134765625
26.470947265625
26.489501953125
26.489501953125
26.497314453125
26.497802734375
26.5126953125
26.518798828125
26.521484375
26.543701171875
26.57763671875
26.58349609375
26.590576171875
26.606201171875
26.61474609375
26.62255859375
26.626220703125
26.627685546875
26.63232421875
26.63427734375
26.640380859375
26.64599609375
26.654052734375
26.658447265625
26.660888671875
26.6640625
26.66552734375
26.673583984375
26.680419921875
26.682373046875
26.69970703125
26.713134765625
26.718505859375
26.722412109375
26.725830078125
26.72607421875
26.72802734375
26.731201171875
26.7333984375
26.7392578125
26.746826171875
26.750732421875
26.753173828125
26.753662109375
26.756103515625
26.763916015625
26.76416015625
26.7646484375
26.765625
26.768310546875
26.77294921875
26.775634765625
26.78173828125
26.802734375
26.805908203125
26.811767578125
26.828369140625
26.830322265625
26.8330078125
26.833984375
26.83740234375
26.83935546875
26.8525390625
26.85888671875
26.8603515625
26.861328125
26.864013671875
26.8642578125
26.867431640625
26.869384765625
26.874755859375
26.87548828125
26.87744140625
26.8779296875
26.8779296875
26.886474609375
26.88818359375
26.888671875
26.89208984375
26.897216796875
26.915283203125
26.930908203125
26.9375
26.938720703125
26.9482421875
26.948974609375
26.951171875
26.95166015625
26.973388671875
26.9736328125
26.974609375
26.978515625
26.97900390625
26.97998046875
26.980224609375
26.981201171875
26.982177734375
26.9833984375
26.98388671875
26.984619140625
26.98486328125
26.986328125
26.98681640625
26.989013671875
26.989990234375
26.9912109375
26.99169921875
26.992919921875
26.993408203125
26.9951171875
26.995849609375
26.996337890625
27.0009765625
27.005615234375
27.006103515625
27.0146484375
27.01806640625
27.01904296875
27.02001953125
27.0244140625
27.028076171875
27.033203125
27.0361328125
27.036865234375
27.038818359375
27.050048828125
27.062255859375
27.073974609375
27.080078125
27.08203125
27.091064453125
27.09912109375
27.100341796875
27.1015625
27.10400390625
27.1044921875
27.105712890625
27.106201171875
27.114990234375
27.11669921875
27.1171875
27.121826171875
27.12841796875
27.129638671875
27.133544921875
27.134521484375
27.138916015625
27.141845703125
27.14990234375
27.150390625
27.154052734375
27.156982421875
27.158203125
27.1591796875
27.16259765625
27.163818359375
27.1640625
27.167724609375
27.19384765625
27.194091796875
27.20166015625
27.20654296875
27.210693359375
27.212646484375
27.220703125
27.22119140625
27.22119140625
27.222900390625
27.225341796875
27.23046875
27.231689453125
27.237060546875
27.243408203125
27.251708984375
27.260498046875
27.263427734375
27.26513671875
27.26953125
27.28125
27.28271484375
27.294189453125
27.29443359375
27.2958984375
27.30419921875
27.310302734375
27.314453125
27.318603515625
27.319091796875
27.32177734375
27.32177734375
27.322265625
27.3330078125
27.33349609375
27.3359375
27.342041015625
27.34521484375
27.35546875
27.36376953125
27.366455078125
27.36767578125
27.3701171875
27.372314453125
27.384033203125
27.387939453125
27.387939453125
27.388916015625
27.3916015625
27.39208984375
27.394287109375
27.403564453125
27.405029296875
27.41552734375
27.419189453125
27.421630859375
27.42822265625
27.431640625
27.4326171875
27.4326171875
27.4384765625
27.44189453125
27.448486328125
27.450439453125
27.453369140625
27.461181640625
27.46630859375
27.468017578125
27.47216796875
27.475830078125
27.479736328125
27.487060546875
27.492431640625
27.50244140625
27.5048828125
27.5107421875
27.511962890625
27.52099609375
27.52880859375
27.529296875
27.54833984375
27.549072265625
27.54931640625
27.558837890625
27.560791015625
27.562255859375
27.57666015625
27.576904296875
27.581787109375
27.58203125
27.585205078125
27.5859375
27.587890625
27.59521484375
27.5966796875
27.602783203125
27.609619140625
27.613037109375
27.6142578125
27.62744140625
27.63134765625
27.641357421875
27.64306640625
27.654052734375
27.669189453125
27.680419921875
27.687255859375
27.6904296875
27.693359375
27.694091796875
27.694580078125
27.700439453125
27.70556640625
27.718505859375
27.7197265625
27.720703125
27.7236328125
27.72998046875
27.73974609375
27.744873046875
27.74658203125
27.76318359375
27.763916015625
27.764892578125
27.765869140625
27.772216796875
27.777587890625
27.78955078125
27.802978515625
27.80615234375
27.8095703125
27.820068359375
27.820068359375
27.82470703125
27.8310546875
27.83642578125
27.854248046875
27.855712890625
27.8583984375
27.858642578125
27.862060546875
27.864013671875
27.874755859375
27.875732421875
27.8759765625
27.8984375
27.908203125
27.90966796875
27.91552734375
27.91650390625
27.924560546875
27.94091796875
27.949462890625
27.968994140625
27.9736328125
27.9892578125
27.989990234375
27.990234375
27.990966796875
27.9912109375
27.993896484375
27.994873046875
27.99560546875
27.99560546875
27.99560546875
28.00634765625
28.00634765625
28.009765625
28.01806640625
28.022216796875
28.03955078125
28.044921875
28.056396484375
28.075439453125
28.08203125
28.082275390625
28.08447265625
28.0888671875
28.08935546875
28.0908203125
28.09619140625
28.097900390625
28.099365234375
28.099853515625
28.10107421875
28.1064453125
28.107666015625
28.1142578125
28.11474609375
28.115966796875
28.125244140625
28.14599609375
28.17236328125
28.177490234375
28.1806640625
28.18798828125
28.189697265625
28.193359375
28.218994140625
28.219482421875
28.229736328125
28.237548828125
28.239013671875
28.241943359375
28.264404296875
28.27490234375
28.277587890625
28.282470703125
28.289794921875
28.337890625
28.356201171875
28.361572265625
28.364013671875
28.3662109375
28.3681640625
28.38720703125
28.388427734375
28.39794921875
28.398193359375
28.398193359375
28.463623046875
28.46533203125
28.46875
28.4697265625
28.477294921875
28.47900390625
28.505126953125
28.5068359375
28.525146484375
28.539794921875
28.551513671875
28.552490234375
28.571044921875
28.583740234375
28.590087890625
28.5927734375
28.61474609375
28.6171875
28.618408203125
28.6279296875
28.62890625
28.632568359375
28.638427734375
28.656005859375
28.677490234375
28.68701171875
28.70458984375
28.70654296875
28.7109375
28.7109375
28.717041015625
28.72119140625
28.723388671875
28.7294921875
28.733154296875
28.738037109375
28.739501953125
28.7451171875
28.747802734375
28.750244140625
28.754638671875
28.7568359375
28.7685546875
28.770263671875
28.7763671875
28.808349609375
28.819091796875
28.85009765625
28.85107421875
28.85107421875
28.85107421875
28.865478515625
28.8681640625
28.869140625
28.869873046875
28.883544921875
28.8837890625
28.884521484375
28.884765625
28.89111328125
28.90478515625
28.914794921875
28.9189453125
28.919921875
28.9267578125
28.928955078125
28.939208984375
28.940185546875
28.945556640625
28.959228515625
28.966552734375
28.974853515625
28.975341796875
28.982421875
28.988037109375
28.989501953125
28.99169921875
28.997314453125
29.015625
29.04052734375
29.0517578125
29.057373046875
29.107666015625
29.11181640625
29.115966796875
29.1298828125
29.13330078125
29.135986328125
29.1396484375
29.1640625
29.193115234375
29.213623046875
29.21435546875
29.229736328125
29.23583984375
29.23974609375
29.2451171875
29.245849609375
29.253662109375
29.269287109375
29.310791015625
29.3291015625
29.330078125
29.342041015625
29.346435546875
29.385498046875
29.39013671875
29.400390625
29.436767578125
29.4599609375
29.466064453125
29.472412109375
29.47314453125
29.4892578125
29.492919921875
29.494140625
29.497314453125
29.511962890625
29.515625
29.517578125
29.531005859375
29.5458984375
29.595703125
29.619140625
29.6259765625
29.627685546875
29.635986328125
29.63818359375
29.641845703125
29.65625
29.683349609375
29.690185546875
29.69140625
29.71533203125
29.752685546875
29.762939453125
29.77001953125
29.7861328125
29.79931640625
29.81298828125
29.824462890625
29.829833984375
29.85986328125
29.869384765625
29.896728515625
29.918701171875
29.9189453125
29.974609375
30.001708984375
30.010498046875
30.052490234375
30.096435546875
30.09912109375
30.12060546875
30.122802734375
30.1484375
30.194091796875
30.2333984375
30.240478515625
30.256103515625
30.25927734375
30.26708984375
30.301513671875
30.33203125
30.3642578125
30.3896484375
30.41845703125
30.427734375
30.474853515625
30.478759765625
30.4873046875
30.50634765625
30.524169921875
30.592041015625
30.60693359375
30.6416015625
30.644775390625
30.662841796875
30.717529296875
30.72705078125
30.74365234375
30.755615234375
30.798828125
30.837158203125
30.840087890625
30.848876953125
30.84912109375
30.856689453125
30.861083984375
30.86376953125
30.883544921875
30.891845703125
30.932861328125
30.942626953125
30.994873046875
30.99853515625
31.069580078125
31.10107421875
31.1142578125
31.119873046875
31.12451171875
31.202392578125
31.239501953125
31.240478515625
31.2548828125
31.277587890625
31.297607421875
31.4794921875
31.5400390625
31.60009765625
31.727783203125
31.78076171875
31.805908203125
31.858642578125
31.956787109375
32.029052734375
32.036865234375
32.08349609375
32.163818359375
32.19921875
32.251708984375
32.275634765625
32.30712890625
32.320068359375
32.6162109375
32.62939453125
32.6611328125
32.70166015625
32.8369140625
32.976318359375
33.02685546875
33.417724609375
33.41943359375
33.460205078125
33.556396484375
33.851318359375
34.290771484375
34.364990234375
34.603759765625
34.697998046875
34.93017578125
34.9892578125
35.31591796875
35.45849609375
35.478271484375
35.502197265625
35.960205078125
36.49853515625
37.169189453125
37.84716796875
38.237548828125
38.643798828125
38.7275390625
40.4501953125
41.667724609375
41.988525390625
42.855224609375
43.637451171875
43.988037109375
44.25390625
44.537109375
44.997314453125
47.455322265625
54.78759765625
55.258544921875
56.372314453125
