27.59326171875
6.633544921875
7.39892578125
8.73876953125
9.594970703125
10.1328125
10.52392578125
11.641845703125
12.480712890625
12.955078125
13.367919921875
13.866943359375
13.991943359375
13.99755859375
15.0068359375
15.21826171875
15.915283203125
15.993896484375
16.247802734375
16.3291015625
16.593017578125
16.873291015625
17.001708984375
17.29541015625
17.477783203125
17.62255859375
17.86474609375
17.97412109375
18.00146484375
18.467529296875
18.869140625
20.106201171875
21.37451171875
23.272216796875
25.242431640625
25.983154296875
26.003173828125
26.1162109375
26.1337890625
26.21728515625
26.339111328125
26.539794921875
26.6298828125
26.739501953125
26.764404296875
26.8916015625
26.91455078125
26.977294921875
26.9921875
27.2861328125
27.589111328125
27.59326171875
27.64990234375
27.731689453125
27.871337890625
27.8720703125
27.947021484375
28.10546875
28.346923828125
28.376220703125
28.459716796875
28.490478515625
28.634521484375
28.824951171875
28.88671875
28.913330078125
29.0458984375
29.04638671875
29.10546875
29.1298828125
29.19091796875
29.21875
29.352783203125
29.53662109375
29.662109375
29.74560546875
29.795166015625
29.984619140625
30.005859375
30.00927734375
30.28125
30.399169921875
30.44140625
30.626708984375
30.6396484375
30.7314453125
30.7607421875
30.781005859375
30.806396484375
30.8671875
30.97216796875
30.98583984375
31.376220703125
31.607666015625
31.874267578125
31.962158203125
31.98193359375
32.120361328125
32.71484375
32.88720703125
33.242919921875
36.164794921875
